%YAML:1.0
image_width: 640
image_height: 480
camera_matrix: !!opencv-matrix
   rows: 3
   cols: 3
   dt: d
   data: [ 4.8341307620403262e+02, 0., 3.3612283885241141e+02, 0.,
       4.8700624543964670e+02, 2.3377999344293801e+02, 0., 0., 1. ]
distortion_coefficients: !!opencv-matrix
   rows: 1
   cols: 5
   dt: d
   data: [ -1.1133671145159289e-01, 1.1624609843424030e-01,
       -8.5922114434358269e-03, 6.5512388611466002e-03,
       -7.5438852904445602e-02 ]
