%YAML:1.0
image_width: 640
image_height: 480
camera_matrix: !!opencv-matrix
   rows: 3
   cols: 3
   dt: d
   data: [ 4.6299085831281144e+02, 0., 3.2249348964996710e+02, 0.,
       4.6851407760727966e+02, 2.5991412051498162e+02, 0., 0., 1. ]
distortion_coefficients: !!opencv-matrix
   rows: 1
   cols: 5
   dt: d
   data: [ -1.6496379406127587e-01, 4.5812471118472892e-01,
       -7.9742334189031039e-03, 7.6472689920048861e-05,
       -5.6556790482516928e-01 ]
